4 1 1 0 1 0 1 0 1 0 0 2 379 429
5 1 1 0 1 0 1 0 1 0 1 6 92 184 427 617 862 938
14 1 1 1 0 0 1 1 0 0 0 7 385 393 469 487 511 617 775
20 1 1 1 1 1 0 1 0 0 0 7 26 184 467 511 657 706 938
23 1 1 0 1 1 0 0 1 0 0 1 570
26 1 1 1 1 1 1 1 0 0 0 10 20 184 291 467 490 511 831 931 938 950
43 1 1 0 1 0 1 0 0 1 0 3 385 402 938
44 1 1 1 1 0 0 0 0 1 0 11 83 99 232 237 404 543 664 765 843 855 861
45 1 1 1 0 1 0 1 0 0 0 4 487 775 779 806
56 1 1 1 0 0 1 0 0 1 0 3 226 553 725
61 1 0 1 1 1 0 1 1 0 0 7 73 272 315 395 453 632 986
63 1 1 1 1 1 0 1 0 0 1 7 92 232 604 733 853 921 944
68 1 1 0 1 0 0 1 1 1 0 4 453 642 831 883
70 1 1 1 0 1 1 1 1 0 1 7 319 382 487 631 704 855 876
73 1 1 1 0 1 0 1 0 0 0 6 61 315 453 632 708 986
83 1 1 1 1 1 0 0 0 1 0 7 44 232 404 664 765 855 861
92 1 1 1 1 0 0 1 0 1 1 13 5 63 184 393 614 704 733 751 775 802 806 853 938
93 1 1 1 1 1 1 0 0 0 1 3 99 570 964
99 1 1 1 1 1 1 1 0 1 1 9 44 93 404 427 469 490 659 765 948
106 1 0 0 1 0 1 0 0 1 1 4 511 843 921 950
114 1 1 1 0 1 0 0 1 0 0 4 237 659 664 942
141 1 1 1 1 0 1 0 0 0 0 2 948 962
156 1 1 1 0 1 0 0 0 1 0 1 586
163 1 1 1 0 1 0 1 1 0 0 1 678
184 1 1 1 1 1 1 1 0 1 0 12 5 20 26 92 291 511 642 706 775 820 831 938
191 1 0 0 1 1 0 1 0 0 1 3 631 802 883
226 1 1 1 1 0 1 0 1 0 1 6 56 393 553 604 725 729
232 1 1 1 1 1 1 0 1 0 0 12 44 63 83 237 404 417 467 490 657 664 765 876
237 1 0 0 1 1 0 0 1 1 0 8 44 114 232 604 664 853 855 942
244 1 1 1 1 0 0 0 1 0 0 3 341 706 938
257 1 1 0 1 1 0 0 0 1 0 2 315 628
265 1 1 1 1 0 1 0 1 0 0 2 604 617
272 1 1 0 1 1 0 0 0 1 1 2 61 798
273 1 1 1 1 0 0 0 1 1 1 0
278 1 1 0 1 0 0 1 0 0 1 2 341 950
291 1 1 1 1 0 0 0 0 1 0 7 26 184 642 751 931 938 950
315 1 1 1 1 0 1 0 1 0 0 3 61 73 257
319 1 1 1 1 0 1 1 1 0 0 7 70 382 631 704 855 876 883
338 1 1 1 1 1 0 0 1 0 0 1 798
341 1 1 1 1 0 1 1 0 0 0 5 244 278 642 706 938
379 1 1 1 0 0 1 0 0 1 0 4 4 429 631 883
382 1 0 1 1 1 0 0 0 1 0 5 70 319 487 704 876
385 1 1 1 1 1 0 0 0 0 0 7 14 43 393 511 751 775 802
393 1 1 1 0 0 1 1 1 0 1 11 14 92 226 385 614 664 751 775 802 921 938
395 1 1 0 1 1 0 0 1 0 0 2 61 948
402 1 1 1 1 1 1 0 0 1 0 2 43 511
404 1 1 1 1 1 0 0 0 1 0 7 44 83 99 232 664 765 962
417 1 0 1 0 1 1 0 0 0 1 1 232
427 1 1 1 1 1 0 0 0 0 0 4 5 99 642 861
429 1 1 1 1 0 0 1 1 0 0 2 4 379
453 1 1 1 1 1 0 1 1 1 1 13 61 68 73 467 614 632 700 802 862 883 931 950 986
463 1 1 0 0 1 1 0 0 0 1 0
467 1 1 1 1 0 1 0 0 0 0 10 20 26 232 453 604 642 751 862 921 931
469 1 1 1 0 0 0 1 0 1 0 5 14 99 487 511 876
487 1 1 1 1 1 1 1 1 0 0 13 14 45 70 382 469 511 617 704 779 806 820 876 938
490 1 1 0 1 0 0 1 1 0 0 5 26 99 232 657 820
511 1 1 1 1 1 1 1 1 1 1 15 14 20 26 106 184 385 402 469 487 706 751 779 843 876 950
543 1 1 0 1 0 0 1 0 0 1 4 44 843 861 948
553 1 0 1 1 0 1 1 0 0 0 4 56 226 604 725
558 1 1 1 0 1 0 1 0 0 0 1 855
570 1 1 1 1 1 0 0 1 0 0 2 23 93
586 1 1 1 0 1 0 1 1 0 0 1 156
604 1 1 1 1 0 0 1 0 0 0 8 63 226 237 265 467 553 729 921
614 1 1 1 0 1 0 0 0 1 0 7 92 393 453 704 775 802 806
616 1 1 0 1 0 0 0 1 0 1 1 843
617 1 1 1 0 1 1 0 0 0 0 5 5 14 265 487 862
628 1 1 0 1 0 0 1 1 0 0 1 257
631 1 0 1 1 1 0 0 0 1 0 8 70 191 319 379 642 700 876 883
632 1 0 0 0 1 1 1 1 1 0 5 61 73 453 938 986
642 1 1 0 1 0 0 0 1 1 1 13 68 184 291 341 427 467 631 700 820 876 883 931 948
657 1 1 1 0 0 1 0 1 0 0 7 20 232 490 659 779 820 853
659 1 1 1 1 0 1 0 0 1 0 7 99 114 657 664 921 942 948
664 1 1 1 1 1 0 1 0 0 0 10 44 83 114 232 237 393 404 659 765 942
678 1 1 0 0 0 0 1 1 1 0 1 163
700 1 1 0 0 0 1 0 1 1 0 4 453 631 642 883
704 1 1 1 0 1 1 1 1 0 1 12 70 92 319 382 487 614 775 779 802 855 876 938
706 1 1 1 1 0 0 0 1 0 0 6 20 184 244 341 511 831
708 1 1 1 1 1 0 0 0 0 0 1 73
725 1 1 1 0 1 0 0 1 0 0 3 56 226 553
729 1 1 1 0 1 0 0 0 0 1 3 226 604 942
733 1 1 1 1 0 0 0 0 1 0 5 63 92 853 938 944
751 1 1 0 1 0 0 1 0 1 1 10 92 291 385 393 467 511 775 831 931 938
765 1 1 1 0 1 0 0 1 0 0 7 44 83 99 232 404 664 962
775 1 1 1 1 1 1 1 0 1 0 14 14 45 92 184 385 393 614 704 751 779 802 820 883 938
779 1 1 1 1 0 0 0 1 1 0 8 45 487 511 657 704 775 876 938
788 1 1 1 0 1 0 0 0 0 1 0
798 1 1 0 0 1 0 1 0 0 1 2 272 338
802 1 1 1 0 0 0 1 0 0 1 8 92 191 385 393 453 614 704 751
806 1 0 0 0 1 1 0 1 0 1 4 45 92 487 614
818 1 1 0 0 0 1 1 0 1 0 0
820 1 1 1 0 1 0 1 0 0 0 7 184 487 490 642 657 775 938
831 1 1 0 1 1 0 1 0 0 0 5 26 68 184 706 751
843 1 1 0 1 1 0 0 1 0 1 7 44 106 511 543 616 921 948
853 1 1 1 0 1 0 0 0 0 1 7 63 92 237 657 733 921 944
855 1 1 1 1 1 0 0 0 0 0 8 44 70 83 237 319 558 704 876
861 1 1 1 1 1 0 0 0 1 0 5 44 83 427 543 962
862 1 1 0 1 0 1 0 1 0 0 7 5 453 467 617 931 938 950
876 1 1 1 1 0 1 1 1 1 1 13 70 232 319 382 469 487 511 631 642 704 779 855 883
883 1 1 0 1 0 1 1 0 0 1 11 68 191 319 379 453 631 642 700 775 876 938
921 1 1 0 1 1 1 1 1 0 0 9 63 106 393 467 604 659 843 853 944
931 1 0 1 0 1 1 0 0 0 1 9 26 291 453 467 642 751 862 938 950
938 1 1 1 0 0 1 1 1 1 0 21 5 20 26 43 92 184 244 291 341 393 487 632 704 733 751 775 779 820 862 883 931
942 1 0 1 1 0 1 1 0 0 1 5 114 237 659 664 729
944 1 1 1 0 0 1 0 1 0 0 4 63 733 853 921
948 1 1 1 1 0 0 1 1 1 0 8 99 141 395 543 642 659 843 962
950 1 1 1 1 0 0 0 1 0 1 8 26 106 278 291 453 511 862 931
962 1 1 1 1 0 1 0 1 0 0 5 141 404 765 861 948
964 1 1 1 1 0 0 0 0 1 0 1 93
986 1 0 1 1 1 1 0 0 0 0 4 61 73 453 632
